10        -174.47642174
20        -181.55364867
30        -181.65738646
40        -181.66324742
50        -181.66411871
60        -181.66561719
70        -181.66629670
80        -181.66650612
90        -181.66702722
100       -181.66727600
110       -181.66740906
120       -181.66799023
130       -181.66893127
140       -181.66967817
150       -181.66995004
160       -181.67001953
170       -181.67020736
180       -181.67056660
190       -181.67094549
200       -181.67118567
210       -181.67126363
220       -181.67129068
230       -181.67136277
240       -181.67149894
250       -181.67164688
260       -181.67175855
270       -181.67181284
280       -181.67182819