3        -181.57388091
4        -181.69444449
5        -181.64459044
6        -181.65712051
7        -181.66673233
8        -181.65645708
9        -181.66302687
10        -181.66183149
11        -181.65962000
12        -181.66277912
13        -181.66105924
14        -181.66083130
15        -181.66191116
16        -181.66097380
17        -181.66161572
18        -181.66165795
19        -181.66109524
20        -181.66187414
21        -181.66157419
22        -181.66128669
23        -181.66176442
24        -181.66155034
25        -181.66144604