20        -180.92128753  -180.92128753
30        -181.03405262  -181.03405262
40        -181.03963722  -181.03963722
50        -181.04052005  -181.04052005
60        -181.04199758  -181.04199758
70        -181.04275450  -181.04275450
80        -181.04289648  -181.04289648
90        -181.04347979  -181.04347979
100       -181.04369506  -181.04369506
110       -181.04388359  -181.04388359
120       -181.04443504  -181.04443504
130       -181.04544684  -181.04544684
140       -181.04619793  -181.04619793
150       -181.04649751  -181.04649751
160       -181.04657404  -181.04657404
170       -181.04674671  -181.04674671
180       -181.04713096  -181.04713096
190       -181.04751121  -181.04751121
200       -181.04775582  -181.04775582