10        -781.26161581  -781.26154355
20        -906.24372863  -906.24371937
30       -1021.93455834 -1021.93455831
40       -1031.16902150 -1031.16902150
50       -1032.24367957 -1032.24367957
60       -1032.38892843 -1032.38892843
70       -1032.40059495 -1032.40059495
80       -1032.40476328 -1032.40476328
90       -1032.40943495 -1032.40943495
100      -1032.41151763 -1032.41151763
110      -1032.41191328 -1032.41191328
120      -1032.41210198 -1032.41210198
130      -1032.41253330 -1032.41253330
140      -1032.41291035 -1032.41291035
150      -1032.41305517 -1032.41305517
160      -1032.41310676 -1032.41310676
170      -1032.41316717 -1032.41316717
180      -1032.41321673 -1032.41321673
190      -1032.41328313 -1032.41328313
200      -1032.41335754 -1032.41335754